0.100000  0.000000 0.000000 -0.000000
0.200000  0.000000 0.000000 -0.000000
0.300000  0.000000 0.000000 -0.000000
0.400000  0.000000 0.000000 -0.000000
0.500000  0.000000 0.000000 -0.000000
0.605000  0.000000 0.000000 -0.000000
0.705000  0.000000 0.000000 -0.000000
0.805000  0.000000 0.000000 -0.000000
0.905000  0.000000 0.000000 -0.000000
1.005000  0.000000 0.000000 -0.000000
1.105000  0.000000 0.000000 -0.000000
1.205000  0.000000 0.000000 -0.000000
1.305000  0.000000 0.000000 -0.000000
1.410000  0.000000 0.000000 -0.000000
1.510000  0.000000 0.000000 -0.000000
1.610000  0.000000 0.000000 -0.000000
1.710000  0.000000 0.000000 -0.000000
1.810000  0.000000 0.000000 -0.000000
1.910000  0.000000 0.000000 -0.000000
2.010000  0.000000 0.000000 -0.000000
2.115000  0.000000 0.000000 -0.000000
2.215000  0.000000 0.000000 -0.000000
2.315000  0.000000 0.000000 -0.000000
2.415000  0.000000 0.000000 -0.000000
2.515000  0.000000 0.000000 -0.000000
2.615000  0.000000 0.000000 -0.000000
2.715000  0.000000 0.000000 -0.000000
2.815000  0.000000 0.000000 -0.000000
2.920000  0.000000 0.000000 -0.000000
3.020000  0.000000 0.000000 -0.000000
3.120000  0.000000 0.000000 -0.000000
3.220000  0.000000 0.000000 -0.000000
3.320000  0.000000 0.000000 -0.000000
3.420000  0.000000 0.000000 -0.000000
3.525000  0.000000 0.000000 -0.000000
3.625000  0.000000 0.000000 -0.000000
3.725000  0.000000 0.000000 -0.000000
3.825000  0.000000 0.000000 -0.000000
3.925000  0.000000 0.000000 -0.000000
4.025000  0.000000 0.000000 -0.000000
4.130000  0.000000 0.000000 -0.000000
4.230000  0.000000 0.000000 -0.000000
4.330000  0.000000 0.000000 -0.000000
4.430000  0.000000 0.000000 -0.000000
4.530000  0.000000 0.000000 -0.000000
