某飞行器
	起飞重量 450kg
	擦地角14度
    S    = 9.4304;             % [机翼面积]|[平方米]
    L    = 7.9756;             % [翼展]|[米]
    BA   = 1.5283;             % [平均气动弦长]|[米]   
    g    = 9.8;

阻力系数
    IDX alpha =[-4.00;-2.00; 0.00; 2.00; 4.00; 6.00;  
                 8.00;10.00;12.00;14.00];
    TBL_CD =[0.03564;0.03154;0.03319;0.03586;0.04214;0.05142;
             0.06133;0.08265;0.11291;0.13918];

升力系数
    IDX_alpha =[-4.00;-2.00; 0.00; 2.00; 4.00; 6.00;  
                 8.00;10.00;12.00;14.00];
    TBL_CL =[-0.12006;0.02319;0.16666;0.30218;0.45146;0.59858;
              0.74889;0.87109;0.97428;1.07922];
俯仰力矩
    IDX_alpha =[-4.00;-2.00; 0.00; 2.00; 4.00; 6.00;  
                 8.00;10.00;12.00;14.00];
    TBL_Cm =[ 0.03844; 0.02496; 0.00820;-0.01545;-0.04472;-0.07026;
             -0.09188;-0.17399;-0.26750;-0.31096];

升降舵舵效
    IDX_alpha =[-4.00;-2.00;0.00;2.00;4.00;6.00;8.00;10.00;12.00;14.00];
    TBL_Mz_ele=[ 0.00562;0.00555;0.00579;0.00617;0.00684;0.00709;0.00616;0.01141;0.01168;0.00638];
推力数据
    IDX_VT  = [30;45;60];%m/s         
    IDX_eng = [0.125;0.2;0.3;0.4;0.5;0.6;0.7;0.8;0.9;1.0];%percent
    IDX_H   = [0;1000;2000;3000;4000;5000;6000];

TBL_thrust(:,:,1) =[                  
 34.1   25.8   16.3   
 40.9   27.9   23.4   
 63.7   46.8   37.0   
 78.4   61.5   49.3   
 90.8   78.7   62.2   
100.9   89.6   71.0   
107.3   97.0   78.4   
111.6  101.6   83.5   
114.4  103.4   85.4   
121.1  111.0   92.8];  


TBL_thrust(:,:,2) =[        
 32.4    21.5   15.9
 40.3    29.5   24.5
 59.9    45.7   36.5
 73.2    60.0   47.7  
 86.9    76.1   60.9
 96.3    83.9   67.6
102.9    93.8   77.8
106.3    98.2   84.2
107.8    99.1   84.9
113.6   106.1   89.5];

TBL_thrust(:,:,3) =[  
31.6    21      15.5  
41.7    28.8    24.6  
58.5    44.6    35.7  
70.4    58.6    46.6  
83.5    73.4    59.5  
89.4    80.8    66    
97      91.6    77    
100.1   94.6    81.2  
103.4   95.4    81.8  
108.9   103.6   86.2];

TBL_thrust(:,:,4) =[  
30      20.5   15.1  
40.7    29.3   24.3  
56.3    43.5   35.3  
66.6    57.2   45.5  
77.5    69.7   56.5  
85.7    78.9   65.3  
92.9    87     74.2  
94      91     78.2  
97.1    93.1   78.7  
102.2   99.7   82.9];

TBL_thrust(:,:,5) =[  
29.4   20     14.8 
41     30.2   24.4 
53.5   42.6   34.5 
64.2   56     44.5 
74.5   68.2   55.3 
80.8   76.1   64.7 
87.6   85.1   71.4  
90.2   87.8   75.2  
93.2   89.9   75.6 
100    95.8   79.6];

TBL_thrust(:,:,6) =[  
29.6   20.2   14.5 
40.1   29.9   24.2 
50.8   41.6   33.8 
60.7   54.1   42.9 
71.6   65.9   55.5 
77.6   73.4   61.6 
84     82.1   68.6 
86.5   84.7   72.2 
89.4   86.7   72.5 
95.8   91.9   76.3];

TBL_thrust(:,:,7) =[  
29.2   19.9   14.3  
39.6   29.5   23.9  
50.1   41.1   33.3  
59.9   53.3   42.4  
70.6   65     54.8  
76.6   72.4   58.5  
82.9   79.1   65.8  
85.4   81.6   69.2  
85.6   83.5   69.4 
91.6   88     73  ];